P(a) = -0.8868861459314918
P(b) = -2.0902571687246096
P(c) = -1.4460912198971996
P(d) = -1.3637426854430963
P(e) = -0.8690003210998297
P(f) = -2.027098691627836
P(g) = -1.9212833376655372
P(h) = -1.7889939948097096
P(i) = -1.137315844551447
P(j) = -2.5945186314167765
P(k) = -3.188023241377454
P(l) = -1.4546568171346907
P(m) = -1.36371933596356
P(n) = -1.2405719351160385
P(o) = -1.0061975913849859
P(p) = -1.5942307200122234
P(q) = -1.8717801421790679
P(r) = -1.190088609123575
P(s) = -1.1411170724946609
P(t) = -1.2904257335080567
P(u) = -1.355840945595744
P(v) = -1.6976426917242666
P(w) = -2.9655517356308665
P(x) = -2.799294573091737
P(y) = -3.127748979016947
P(z) = -2.2841063508269275
