P(a) = -0.869889310505903
P(b) = -2.148111959238126
P(c) = -1.4915347245547037
P(d) = -1.3367881851622547
P(e) = -0.8482125068613159
P(f) = -2.01965115249894
P(g) = -1.9889258053167311
P(h) = -1.7302754328300687
P(i) = -1.222525412664718
P(j) = -2.435221879493662
P(k) = -3.0383792044250515
P(l) = -1.6083789568055118
P(m) = -1.29803104371717
P(n) = -1.2878644227388258
P(o) = -0.9953442706641492
P(p) = -1.6118963753166105
P(q) = -1.7690209464390052
P(r) = -1.2004575611139854
P(s) = -1.1057103835508908
P(t) = -1.3121327527613136
P(u) = -1.3074009186769637
P(v) = -1.7523274161397377
P(w) = -2.927551077482986
P(x) = -2.642441479068758
P(y) = -2.979439397079591
P(z) = -2.3748577168218317
