P(a) = -1.0763014066773167
P(b) = -2.052262008057881
P(c) = -1.4918199355106485
P(d) = -1.4203420480227535
P(e) = -0.7669292452023162
P(f) = -1.9922411107147977
P(g) = -2.029176448818901
P(h) = -2.105927193325342
P(i) = -1.1355697072709678
P(j) = -2.214462086179441
P(k) = -3.5332811932241563
P(l) = -1.2675214453300292
P(m) = -1.513448776405731
P(n) = -1.1227195441064757
P(o) = -1.2746748035490263
P(p) = -1.538801385691995
P(q) = -1.9384199930021586
P(r) = -1.1838180693059086
P(s) = -1.0642562761854466
P(t) = -1.1658235313968857
P(u) = -1.206056669403318
P(v) = -1.8277442942009703
P(w) = -3.9263986349613083
P(x) = -2.339038932239651
P(y) = -2.671274176384714
P(z) = -2.821149742830167
