P(a) = -1.0870002134044685
P(b) = -1.7513215325953564
P(c) = -1.6263023904396616
P(d) = -1.3963446480825195
P(e) = -0.9101005706904889
P(f) = -1.6598674122898436
P(g) = -1.660138494464331
P(h) = -1.1800031703129872
P(i) = -1.1628228610384488
P(j) = -2.9442017442308113
P(k) = -2.0723215496318392
P(l) = -1.347251841189558
P(m) = -1.6116933139358642
P(n) = -1.1616099693337005
P(o) = -1.1377303741844575
P(p) = -1.741702101212895
P(q) = -2.78648052423768
P(r) = -1.2615044364945098
P(s) = -1.1708815850326129
P(t) = -1.0341642505255382
P(u) = -1.5521590540728478
P(v) = -2.044206953656977
P(w) = -1.631836734384463
P(x) = -2.9655816531409824
P(y) = -1.7514502124427875
P(z) = -3.177569119408359
